{"object":{"uuid":"92CCC3F0-953B-4A8E-8496-CC1CAECD9545","objectType":"Scene","name":"Money plants - Copy","matrix":[1,0,0,0,0,1,0,0,0,0,1,0,0,0,0,1],"layers":1,"children":[{"uuid":"C66A5204-C78F-4A77-BA57-58AE3B8C90C7","objectType":"CombinedCamera","name":"Camera","matrix":[0.9528589097890208,-1.040834085586084e-17,0.30341374068370414,0,0.046582587510002646,0.9881442554063117,-0.1462907825133864,0,-0.29981654486794257,0.153528272665024,0.9415620579207418,0,-255.65712771287133,304.5724236233898,937.0300239173118,1],"layers":1,"userData":{"activeCamera":true},"hiddenMatrix":[1,0,0,0,0,1,0,0,0,0,1,0,0,0,0,1],"interaction":{"uuid":"53BE18F8-9059-4FAF-B780-8B0C00D9BE23"},"enableHelper":false,"cameraType":"OrthographicCamera","targetOffset":1000,"orbitControlsTarget":[44.15941715507137,151.04415095836575,-4.53203400343034],"left":-720,"right":720,"top":400.5,"bottom":-400.5,"zoomOrtho":1.5625,"nearOrtho":0.1,"far":50000,"aspect":1.797752808988764,"fov":45,"focus":10,"filmGauge":35,"filmOffset":0,"zoomPersp":1,"nearPersp":0.1},{"uuid":"A95EA562-2121-40DC-A79D-822DCA5CE694","objectType":"EmptyObject","name":"Plant","matrix":[1,0,0,0,0,1,0,0,0,0,1,0,1.6797440272439985,50.210913937281475,63.35684407030175,1],"layers":1,"userData":{"positionToCenter":{"x":0,"y":0,"z":0}},"children":[{"uuid":"128ED9F0-A1AF-408B-A7BA-45085448C1A9","objectType":"EmptyObject","name":"Empty Object copy 10","matrix":[-0.018304692072859716,-0.37674989369880374,0.5769392913002706,0,-0.13024465175278996,0.5686307088476703,0.36719196293654166,0,-0.6766356175504747,-0.09926290623055682,-0.08628792794331906,0,-820.8389092680575,631.8344527115646,488.62622876817943,1],"layers":1,"userData":{"positionToCenter":{"x":0,"y":0,"z":0}},"children":[{"uuid":"F102FD6C-DD24-48EE-A1ED-0C73C137ED7C","objectType":"Mesh3D","name":"Helix","matrix":[0.2398965740525978,-0.22628879209436745,-0.1603493259427636,0,-0.16797738954231284,0.050150836008631086,-0.3220828779214839,0,0.2206855689898562,0.2841604585794926,-0.07084915962462705,0,160.7460253712943,42.26905546043794,215.1213206846043,1],"castShadow":true,"receiveShadow":true,"layers":1,"userData":{"positionToCenter":{"x":0,"y":0,"z":0}},"scaleLock":true,"hiddenMatrix":[-0.37961937258203476,0.5459449932199172,0.519088787997272,0,0.4608257833722466,0.511046629091786,-0.5117988821691836,0,-0.5914950316693032,0.04776399781548019,-0.45726556270634383,0,174.35904163843614,-167.07864385561447,41.78012071704376,1],"interaction":{"uuid":"2632BF1C-D1BE-4B08-99E4-90186FDD60A8"},"geometry":"018537F1-2E97-47E8-BD2E-19273720E0D3","material":"36B2BBE8-B62E-454C-B302-66BE5085095A"},{"uuid":"DC15745D-F2A0-44DA-9243-A54ED52E73FF","objectType":"Mesh3D","name":"Lathe","matrix":[0.47551641646724263,-0.5341038575880065,-0.6990115928793755,0,0.6791078223508455,-0.2822202948549659,0.6776166104766533,0,-0.5591929034707468,-0.796922062990846,0.22851372437201511,0,221.37814687549516,74.41296623261476,261.3314654766074,1],"castShadow":true,"receiveShadow":true,"layers":1,"userData":{"positionToCenter":{"x":0,"y":0,"z":0}},"hiddenMatrix":[-0.37961937258203476,0.5459449932199172,0.519088787997272,0,0.4608257833722466,0.511046629091786,-0.5117988821691836,0,-0.5914950316693032,0.04776399781548019,-0.45726556270634383,0,174.35904163843614,-167.07864385561447,41.78012071704376,1],"interaction":{"uuid":"BE0649EE-4307-4CB3-BBE0-C2604ECC2AF4"},"geometry":"AA280576-CFA1-4DCC-83F8-039BEA5B70A2","material":"87C66BA2-5989-47F4-BEE4-7809CE7B5C1A"}],"scaleLock":true,"hiddenMatrix":[1,0,0,0,0,1,0,0,0,0,1,0,794.7629164006303,-433.38038857285375,-489.59995620975593,1],"interaction":{"uuid":"1D9F00AB-4165-4FCE-B6E7-79FE7CA5738E"},"enableHelper":false},{"uuid":"2A70B68E-FEF2-42EF-82F3-DCE07010BB37","objectType":"EmptyObject","name":"Empty Object copy 9","matrix":[-0.057060160449196026,0.3519623777876791,-0.986862256199696,0,0.4060041380145973,0.9185332968321994,0.3041179253605331,0,0.9658857427276455,-0.3653074831325165,-0.18613345954677307,0,-216.07156568866066,531.1169540943173,776.4933110125959,1],"layers":1,"userData":{"positionToCenter":{"x":0,"y":0,"z":0}},"children":[{"uuid":"9A2D7D59-7327-4B8C-8989-76706A200BC9","objectType":"Mesh3D","name":"Helix","matrix":[0.2398965740525978,-0.22628879209436745,-0.1603493259427636,0,-0.16797738954231284,0.050150836008631086,-0.3220828779214839,0,0.2206855689898562,0.2841604585794926,-0.07084915962462705,0,160.7460253712943,42.26905546043794,215.1213206846043,1],"castShadow":true,"receiveShadow":true,"layers":1,"userData":{"positionToCenter":{"x":0,"y":0,"z":0}},"scaleLock":true,"hiddenMatrix":[-0.37961937258203476,0.5459449932199172,0.519088787997272,0,0.4608257833722466,0.511046629091786,-0.5117988821691836,0,-0.5914950316693032,0.04776399781548019,-0.45726556270634383,0,174.35904163843614,-167.07864385561447,41.78012071704376,1],"interaction":{"uuid":"FE23EF46-B8DB-4D53-91BC-835D468C1F2D"},"geometry":"5753F3C6-47B8-4056-8F3F-4978463F658D","material":"172D8ECF-46E1-4B11-8852-FD5AD65FF4A0"},{"uuid":"E0B5D7DE-C079-4672-BF6F-C4AC714095E7","objectType":"Mesh3D","name":"Lathe","matrix":[0.47551641646724263,-0.5341038575880065,-0.6990115928793755,0,0.6791078223508455,-0.2822202948549659,0.6776166104766533,0,-0.5591929034707468,-0.796922062990846,0.22851372437201511,0,221.37814687549516,74.41296623261476,261.3314654766074,1],"castShadow":true,"receiveShadow":true,"layers":1,"userData":{"positionToCenter":{"x":0,"y":0,"z":0}},"hiddenMatrix":[-0.37961937258203476,0.5459449932199172,0.519088787997272,0,0.4608257833722466,0.511046629091786,-0.5117988821691836,0,-0.5914950316693032,0.04776399781548019,-0.45726556270634383,0,174.35904163843614,-167.07864385561447,41.78012071704376,1],"interaction":{"uuid":"B9C96096-6157-4CC0-A02A-BB26D97E378B"},"geometry":"6CE13E20-65C0-4594-9380-BDFE093F7DEF","material":"BE251DEC-A1B7-4CD1-9571-46F69C047469"}],"scaleLock":true,"hiddenMatrix":[1,0,0,0,0,1,0,0,0,0,1,0,268.4558838664587,-429.15524250017927,-664.7558034714928,1],"interaction":{"uuid":"E7C352C4-3C07-4456-98F4-E8DE767AEAB3"},"enableHelper":false},{"uuid":"53213FB0-6D82-4952-B1A7-2B1A7D0FC4F7","objectType":"EmptyObject","name":"Empty Object copy 8","matrix":[0.732549290658248,-0.027123071860307348,-0.6472838630288722,0,-0.0899984778417524,0.9639133815129037,-0.14224456730057117,0,0.6696809168859785,0.17329774144019522,0.7506349861161377,0,-308.67188665229605,206.40485189542977,119.38309495368068,1],"layers":1,"userData":{"positionToCenter":{"x":0,"y":0,"z":0}},"children":[{"uuid":"9CDBB705-DB80-4C76-95DC-754C823350FB","objectType":"Mesh3D","name":"Helix","matrix":[0.4383166201670044,-0.413453751576837,-0.29297531601213966,0,-0.30691260156353833,0.09163092480442542,-0.5884797605873848,0,0.4032160655118721,0.5191914569082626,-0.12944896904417805,0,109.43283394146133,20.211627317242446,173.09364440133373,1],"castShadow":true,"receiveShadow":true,"layers":1,"userData":{"positionToCenter":{"x":0,"y":0,"z":0}},"scaleLock":true,"hiddenMatrix":[1,0,0,0,0,1,0,0,0,0,1,0,-138.3915822475448,-96.77774156421953,-189.2438610822269,1],"interaction":{"uuid":"04AA9BB5-3054-4A56-8481-A101D728353C"},"geometry":"A1020DDE-FCB2-4398-BD00-C938AE55FB77","material":"19488EA2-8E5E-4DC1-80C9-6CC3372CB419"},{"uuid":"12D25EA2-DA2B-4BFC-8B7B-85F820E27A14","objectType":"Mesh3D","name":"Lathe","matrix":[0.47551641646724263,-0.5341038575880065,-0.6990115928793755,0,0.6791078223508455,-0.2822202948549659,0.6776166104766533,0,-0.5591929034707468,-0.796922062990846,0.22851372437201511,0,221.37814687549516,74.41296623261476,261.3314654766074,1],"castShadow":true,"receiveShadow":true,"layers":1,"userData":{"positionToCenter":{"x":0,"y":0,"z":0}},"hiddenMatrix":[1,0,0,0,0,1,0,0,0,0,1,0,-138.3915822475448,-96.77774156421953,-189.2438610822269,1],"interaction":{"uuid":"A5EB153E-B83A-4E76-B7CD-EE9447CAEDC1"},"geometry":"80A7722B-1957-4EAA-9D50-418F9B1586EB","material":"5F7A86AD-B383-4073-82C5-101FE52C051E"}],"scaleLock":true,"hiddenMatrix":[-0.7079252305348335,8.977616704546836e-17,-0.024721293792899276,0,8.681174028609506e-17,0.7093037433155079,8.989618865916549e-17,0,0.031067531964566374,1.0895164720469663e-16,-0.8896577142123998,0,-333.39179087834265,-93.6010559434389,130.17618860857797,1],"interaction":{"uuid":"C8B090DC-5AD6-424E-8A70-94B78251C938"},"enableHelper":false},{"uuid":"F30D059E-7206-4543-A49F-880FDB529A21","objectType":"EmptyObject","name":"Empty Object copy 7","matrix":[-0.0348994967025016,0.4223608141144108,0.9057556888204045,0,8.326672684688677e-17,0.90630778703665,-0.4226182617406999,0,-0.9993908270190958,-0.014749164632036404,-0.031629685625137016,0,-208.49745173012826,172.0696333080312,431.04636800294566,1],"layers":1,"userData":{"positionToCenter":{"x":0,"y":0,"z":0}},"children":[{"uuid":"498C6132-1541-4E1B-9EFC-3B66854A243F","objectType":"Mesh3D","name":"Helix","matrix":[0.4383166201670044,-0.413453751576837,-0.29297531601213966,0,-0.30691260156353833,0.09163092480442542,-0.5884797605873848,0,0.4032160655118721,0.5191914569082626,-0.12944896904417805,0,109.43283394146133,20.211627317242446,173.09364440133373,1],"castShadow":true,"receiveShadow":true,"layers":1,"userData":{"positionToCenter":{"x":0,"y":0,"z":0}},"scaleLock":true,"hiddenMatrix":[1,0,0,0,0,1,0,0,0,0,1,0,-138.3915822475448,-96.77774156421953,-189.2438610822269,1],"interaction":{"uuid":"9759FD92-9692-41E6-B646-8C2F9C63E107"},"geometry":"8962E5ED-9086-4DD6-BF59-723BB46A3BB7","material":"7AEAC327-5A41-4818-8559-F39D4D8E08A2"},{"uuid":"5BB1FD94-4E68-4FB5-9FD2-D0514D883CC2","objectType":"Mesh3D","name":"Lathe","matrix":[0.6086610130780707,-0.6836529377126485,-0.8947348388856008,0,0.8692580126090824,-0.36124197741435643,0.8673492614101165,0,-0.715766916442556,-1.020060240628283,0.2924975671961794,0,221.37814687549516,74.41296623261476,261.3314654766074,1],"castShadow":true,"receiveShadow":true,"layers":1,"userData":{"positionToCenter":{"x":0,"y":0,"z":0}},"scaleLock":true,"hiddenMatrix":[1,0,0,0,0,1,0,0,0,0,1,0,-138.3915822475448,-96.77774156421953,-189.2438610822269,1],"interaction":{"uuid":"1A83C01E-22AE-42CD-ABE2-99862A73D2DE"},"geometry":"3CFA3898-47FB-474F-B7C4-91CC92C75F4A","material":"5B71D592-661A-4ABA-8C62-4A0E16170E3F"}],"scaleLock":true,"hiddenMatrix":[-0.7079252305348335,8.977616704546836e-17,-0.024721293792899276,0,8.681174028609506e-17,0.7093037433155079,8.989618865916549e-17,0,0.031067531964566374,1.0895164720469663e-16,-0.8896577142123998,0,-87.37619358435775,-110.41412290770859,290.14380669775215,1],"interaction":{"uuid":"EC0B01F5-750F-4206-BDA8-B1DA255BAA73"},"enableHelper":false},{"uuid":"1F9D90FF-4D3B-498A-A6AA-82DBD67797BA","objectType":"EmptyObject","name":"Empty Object copy 6","matrix":[-0.9294334691277595,0,-0.03245653193332584,0,0,0.9299999999999999,0,0,0.03245653193332584,0,-0.9294334691277595,0,-260.7313258550047,596.910141042873,547.0250251861031,1],"layers":1,"userData":{"positionToCenter":{"x":0,"y":0,"z":0}},"children":[{"uuid":"890F50ED-9EE0-4533-A4DF-082CA723CECB","objectType":"Mesh3D","name":"Helix","matrix":[0.2398965740525978,-0.22628879209436745,-0.1603493259427636,0,-0.16797738954231284,0.050150836008631086,-0.3220828779214839,0,0.2206855689898562,0.2841604585794926,-0.07084915962462705,0,160.7460253712943,42.26905546043794,215.1213206846043,1],"castShadow":true,"receiveShadow":true,"layers":1,"userData":{"positionToCenter":{"x":0,"y":0,"z":0}},"scaleLock":true,"hiddenMatrix":[-0.37961937258203476,0.5459449932199172,0.519088787997272,0,0.4608257833722466,0.511046629091786,-0.5117988821691836,0,-0.5914950316693032,0.04776399781548019,-0.45726556270634383,0,174.35904163843614,-167.07864385561447,41.78012071704376,1],"interaction":{"uuid":"4120F5C6-39CC-4A11-8CCC-D0B145B26483"},"geometry":"98436F25-2C51-47AA-BFD4-22EFC65A2826","material":"D96E0355-BC4E-4D47-B9D3-46CFA0C1AE58"},{"uuid":"4CBFF926-B292-4DAA-ABB5-5C595FA21BC3","objectType":"Mesh3D","name":"Lathe","matrix":[0.47551641646724263,-0.5341038575880065,-0.6990115928793755,0,0.6791078223508455,-0.2822202948549659,0.6776166104766533,0,-0.5591929034707468,-0.796922062990846,0.22851372437201511,0,221.37814687549516,74.41296623261476,261.3314654766074,1],"castShadow":true,"receiveShadow":true,"layers":1,"userData":{"positionToCenter":{"x":0,"y":0,"z":0}},"hiddenMatrix":[-0.37961937258203476,0.5459449932199172,0.519088787997272,0,0.4608257833722466,0.511046629091786,-0.5117988821691836,0,-0.5914950316693032,0.04776399781548019,-0.45726556270634383,0,174.35904163843614,-167.07864385561447,41.78012071704376,1],"interaction":{"uuid":"04CA3C98-F844-4327-A1FC-4FCE64B29BDB"},"geometry":"0F63DCBA-4124-46C2-8CC3-F5DE94903A56","material":"052F2A5C-1857-4323-9622-2954F722890C"}],"scaleLock":true,"hiddenMatrix":[1,0,0,0,0,1,0,0,0,0,1,0,332.9330226323187,-424.29235636226565,-548.6642467729184,1],"interaction":{"uuid":"BA98A1F4-124A-407F-B610-4DF02C716F19"},"enableHelper":false},{"uuid":"26C8CC5E-AEB4-4082-BBEA-CFA132D1B0BA","objectType":"EmptyObject","name":"Empty Object 2","matrix":[1,0,0,0,0,1,0,0,0,0,1,0,-74.2833036847328,354.83131481447793,119.55013657670398,1],"layers":1,"userData":{"positionToCenter":{"x":0,"y":0,"z":0}},"children":[{"uuid":"B8EF6399-FBE9-4F60-8872-F4FD4AE84BB8","objectType":"Mesh3D","name":"Helix","matrix":[0.2398965740525978,-0.22628879209436745,-0.1603493259427636,0,-0.16797738954231284,0.050150836008631086,-0.3220828779214839,0,0.2206855689898562,0.2841604585794926,-0.07084915962462705,0,160.7460253712943,42.26905546043794,215.1213206846043,1],"castShadow":true,"receiveShadow":true,"layers":1,"userData":{"positionToCenter":{"x":0,"y":0,"z":0}},"scaleLock":true,"hiddenMatrix":[-0.37961937258203476,0.5459449932199172,0.519088787997272,0,0.4608257833722466,0.511046629091786,-0.5117988821691836,0,-0.5914950316693032,0.04776399781548019,-0.45726556270634383,0,174.35904163843614,-167.07864385561447,41.78012071704376,1],"interaction":{"uuid":"C31C6C24-8084-40DC-9CE8-7DF60207ACAB"},"geometry":"2B491958-0AE9-4549-AB87-B8C461EAC5BC","material":"F585590F-A512-4DDF-82ED-E25D7B4CE5BF"},{"uuid":"364A24A8-29ED-45FD-B9D7-85A82E81ABC2","objectType":"Mesh3D","name":"Lathe","matrix":[0.47551641646724263,-0.5341038575880065,-0.6990115928793755,0,0.6791078223508455,-0.2822202948549659,0.6776166104766533,0,-0.5591929034707468,-0.796922062990846,0.22851372437201511,0,221.37814687549516,74.41296623261476,261.3314654766074,1],"castShadow":true,"receiveShadow":true,"layers":1,"userData":{"positionToCenter":{"x":0,"y":0,"z":0}},"hiddenMatrix":[-0.37961937258203476,0.5459449932199172,0.519088787997272,0,0.4608257833722466,0.511046629091786,-0.5117988821691836,0,-0.5914950316693032,0.04776399781548019,-0.45726556270634383,0,174.35904163843614,-167.07864385561447,41.78012071704376,1],"interaction":{"uuid":"2BA4E17F-33F6-4DA7-A51A-A7ABBB4BE5D2"},"geometry":"5D286061-A123-463E-BB02-AD2254CCE136","material":"0A9136A1-8B7E-4A02-AC0F-BE55EE16DC20"}],"hiddenMatrix":[1,0,0,0,0,1,0,0,0,0,1,0,-0.2506065845238936,-197.66128621241717,-64.63973701300091,1],"interaction":{"uuid":"E44746BB-F875-4545-A845-E14A046D9C8D"},"enableHelper":false},{"uuid":"56E9D5FF-20C0-4C9B-A36A-8975AB642DB8","objectType":"EmptyObject","name":"Empty Object copy 5","matrix":[-0.8896577142124006,1.1282273341787894e-16,-0.031067531964566377,0,1.0895164720469645e-16,0.8902,1.1282273341787884e-16,0,0.031067531964566377,1.0895164720469671e-16,-0.8896577142124006,0,-534.7612137606816,99.21063692571991,161.9706268217389,1],"layers":1,"userData":{"positionToCenter":{"x":0,"y":0,"z":0}},"children":[{"uuid":"8687F271-5C03-436D-A842-DA285664C46E","objectType":"EmptyObject","name":"Empty Object copy 5","matrix":[0.6716915263982672,0.2467636485238209,0.5291863519895221,0,4.940492459581946e-17,0.8066139304626183,-0.3761302529492226,0,-0.5838925358015515,0.2838691053123929,0.6087592608612831,0,67.80274451469889,297.05909809918194,457.1418001683279,1],"layers":1,"userData":{"positionToCenter":{"x":0,"y":0,"z":0}},"children":[{"uuid":"3FC41F74-B2D7-428A-BF25-B0018FD8DAC3","objectType":"Mesh3D","name":"Helix","matrix":[0.4383166201670044,-0.413453751576837,-0.29297531601213966,0,-0.30691260156353833,0.09163092480442542,-0.5884797605873848,0,0.4032160655118721,0.5191914569082626,-0.12944896904417805,0,109.43283394146133,20.211627317242446,173.09364440133373,1],"castShadow":true,"receiveShadow":true,"layers":1,"userData":{"positionToCenter":{"x":0,"y":0,"z":0}},"scaleLock":true,"hiddenMatrix":[1,0,0,0,0,1,0,0,0,0,1,0,-138.3915822475448,-96.77774156421953,-189.2438610822269,1],"interaction":{"uuid":"D17B9D2A-2F8A-47F1-AA9D-854E805B4E7F"},"geometry":"89D7C5A9-AAAB-4BEC-90BC-162D3C65D35F","material":"915EE4AF-6A5D-4721-AA9C-C99B87F74E79"},{"uuid":"8510315E-1AC1-44CE-9EB7-FC1F5E8B2B7E","objectType":"Mesh3D","name":"Lathe","matrix":[0.5712378711020993,-0.6416189641204724,-0.839722626525993,0,0.8158122269900707,-0.33903124020926884,0.8140208341656038,0,-0.671758434939407,-0.9573424742709035,0.2745135370881026,0,221.37814687549516,74.41296623261476,261.3314654766074,1],"castShadow":true,"receiveShadow":true,"layers":1,"userData":{"positionToCenter":{"x":0,"y":0,"z":0}},"scaleLock":true,"hiddenMatrix":[1,0,0,0,0,1,0,0,0,0,1,0,-138.3915822475448,-96.77774156421953,-189.2438610822269,1],"interaction":{"uuid":"D7EBFF8D-5905-485F-8745-1271DC404240"},"geometry":"70206377-EEFB-470A-A82A-382922F8BE32","material":"8AEAAC9B-4E3F-4A3C-ADA3-CC31E1D573FC"}],"scaleLock":true,"hiddenMatrix":[0.7957276368491322,0,0,0,0,0.7967914438502673,0,0,0,0,1,0,-41.340708852372316,-161.14551476436642,-341.31188846501504,1],"interaction":{"uuid":"2D844229-231E-4959-9ABB-9FFD682AB890"},"enableHelper":false},{"uuid":"97084B7D-7B42-4F00-999B-AEF0D81C909C","objectType":"EmptyObject","name":"Empty Object copy 5","matrix":[0.9999999999999996,-3.87105455969672e-32,-2.4332698421419644e-17,0,3.8710545596967204e-32,0.9999999999999998,1.232595164407831e-32,0,2.4332698421419644e-17,-1.2325951644078305e-32,0.9999999999999994,0,143.070441470552,66.48211200012557,190.9190604286643,1],"layers":1,"userData":{"positionToCenter":{"x":0,"y":0,"z":0}},"children":[{"uuid":"455EF574-7771-4EFE-991A-3087ACE196AF","objectType":"Mesh3D","name":"Helix","matrix":[0.4383166201670044,-0.413453751576837,-0.29297531601213966,0,-0.30691260156353833,0.09163092480442542,-0.5884797605873848,0,0.4032160655118721,0.5191914569082626,-0.12944896904417805,0,109.43283394146133,20.211627317242446,173.09364440133373,1],"castShadow":true,"receiveShadow":true,"layers":1,"userData":{"positionToCenter":{"x":0,"y":0,"z":0}},"scaleLock":true,"hiddenMatrix":[1,0,0,0,0,1,0,0,0,0,1,0,-138.3915822475448,-96.77774156421953,-189.2438610822269,1],"interaction":{"uuid":"7846E214-C577-4159-975B-4FE1F3AA22C1"},"geometry":"DED47DC5-5E93-49A3-A8B1-ADB2F04A7169","material":"6DE98CD0-E5CE-4726-8326-F7B40BC07097"},{"uuid":"A00A0023-2030-4B66-8A92-28606711AAB5","objectType":"Mesh3D","name":"Lathe","matrix":[0.6039058489133996,-0.6783118991367684,-0.8877447229568063,0,0.8624669343855731,-0.35841977446580553,0.8605730953053504,0,-0.7101749874078478,-1.0120910199983746,0.2902124299524593,0,221.37814687549516,74.41296623261476,261.3314654766074,1],"castShadow":true,"receiveShadow":true,"layers":1,"userData":{"positionToCenter":{"x":0,"y":0,"z":0}},"scaleLock":true,"hiddenMatrix":[1,0,0,0,0,1,0,0,0,0,1,0,-138.3915822475448,-96.77774156421953,-189.2438610822269,1],"interaction":{"uuid":"EDE16D23-8647-4455-8CE1-29F05C921A8B"},"geometry":"5034F918-2FBB-4B4C-B4D6-3D4E719A683A","material":"7B7C1AB1-C827-4250-8781-23029A98C71F"}],"scaleLock":true,"hiddenMatrix":[0.7957276368491322,0,0,0,0,0.7967914438502673,0,0,0,0,1,0,-19.64721494408336,-86.38883249957058,-113.89954834145851,1],"interaction":{"uuid":"64628E09-D23A-40AA-8143-4A63010087C9"},"enableHelper":false},{"uuid":"777C3947-583A-47E0-BE03-1558891F717C","objectType":"EmptyObject","name":"Empty Object copy 5","matrix":[-0.222254312215018,0.3954742571680591,0.7221175602190012,0,0.07657316511901881,0.7550937589040577,-0.3899661810768902,0,-0.8556623437174539,-0.03838232683554754,-0.24233647419468826,0,-573.8042627704828,251.16756052065284,374.4163785932986,1],"layers":1,"userData":{"positionToCenter":{"x":0,"y":0,"z":0}},"children":[{"uuid":"5F07A155-9E2F-4980-843C-459711BBE49E","objectType":"Mesh3D","name":"Helix","matrix":[0.4383166201670044,-0.413453751576837,-0.29297531601213966,0,-0.30691260156353833,0.09163092480442542,-0.5884797605873848,0,0.4032160655118721,0.5191914569082626,-0.12944896904417805,0,109.43283394146133,20.211627317242446,173.09364440133373,1],"castShadow":true,"receiveShadow":true,"layers":1,"userData":{"positionToCenter":{"x":0,"y":0,"z":0}},"scaleLock":true,"hiddenMatrix":[1,0,0,0,0,1,0,0,0,0,1,0,-138.3915822475448,-96.77774156421953,-189.2438610822269,1],"interaction":{"uuid":"445139AB-7F8F-45F5-8402-C53C03399E48"},"geometry":"FB291524-A010-4B44-BBBD-78FE889B467E","material":"497840CF-02CF-45E6-8784-680A5F0C15C3"},{"uuid":"1BAD9FCF-21C5-4F79-AC53-9E203D90C647","objectType":"Mesh3D","name":"Lathe","matrix":[0.47551641646724263,-0.5341038575880065,-0.6990115928793755,0,0.6791078223508455,-0.2822202948549659,0.6776166104766533,0,-0.5591929034707468,-0.796922062990846,0.22851372437201511,0,221.37814687549516,74.41296623261476,261.3314654766074,1],"castShadow":true,"receiveShadow":true,"layers":1,"userData":{"positionToCenter":{"x":0,"y":0,"z":0}},"hiddenMatrix":[1,0,0,0,0,1,0,0,0,0,1,0,-138.3915822475448,-96.77774156421953,-189.2438610822269,1],"interaction":{"uuid":"5243E7CE-82D5-4948-AE27-7F51B69E9E42"},"geometry":"37E7E2FA-DCE5-4D9A-801C-F700BC97FF44","material":"39EF6807-7703-4200-904F-FDCF8CF86089"}],"scaleLock":true,"hiddenMatrix":[0.7957276368491322,0,0,0,0,0.7967914438502673,0,0,0,0,1,0,350.3476559940132,-145.86836059575455,-316.36153312435397,1],"interaction":{"uuid":"0FFA9E08-ED2D-4241-BF3D-F1E931D14C30"},"enableHelper":false},{"uuid":"22CF9682-DA5B-4D2D-A23C-629EECA8C4C5","objectType":"EmptyObject","name":"Empty Object copy 5","matrix":[-0.7842075582576481,5.602484037547823e-32,-0.3010290776180522,0,3.8285622374386215e-32,0.8399999999999996,5.659583323849714e-32,0,0.301029077618052,3.911642214538611e-32,-0.7842075582576475,0,-193.5715222304555,122.8946946717403,-63.81955583204331,1],"layers":1,"userData":{"positionToCenter":{"x":0,"y":0,"z":0}},"children":[{"uuid":"25B9FCD7-7434-4FE8-AC08-F209B9023FBC","objectType":"Mesh3D","name":"Helix","matrix":[0.4383166201670044,-0.413453751576837,-0.29297531601213966,0,-0.30691260156353833,0.09163092480442542,-0.5884797605873848,0,0.4032160655118721,0.5191914569082626,-0.12944896904417805,0,109.43283394146133,20.211627317242446,173.09364440133373,1],"castShadow":true,"receiveShadow":true,"layers":1,"userData":{"positionToCenter":{"x":0,"y":0,"z":0}},"scaleLock":true,"hiddenMatrix":[1,0,0,0,0,1,0,0,0,0,1,0,-138.3915822475448,-96.77774156421953,-189.2438610822269,1],"interaction":{"uuid":"06301F05-0CA5-405D-8095-F4F8839DEC67"},"geometry":"2E33C8A6-C80A-418D-9A5F-DD86889EB84F","material":"25425789-9DBE-4440-8AE6-CF5D7A3905A0"},{"uuid":"9107B492-64E2-4D4B-9D3F-89171DAEDD52","objectType":"Mesh3D","name":"Lathe","matrix":[0.6371919980661052,-0.7156991691679288,-0.9366755344583633,0,0.9100044819501334,-0.37817519510565406,0.9080062580387154,0,-0.7493184906508006,-1.0678755644077342,0.30620839065850064,0,221.37814687549516,74.41296623261476,261.3314654766074,1],"castShadow":true,"receiveShadow":true,"layers":1,"userData":{"positionToCenter":{"x":0,"y":0,"z":0}},"scaleLock":true,"hiddenMatrix":[1,0,0,0,0,1,0,0,0,0,1,0,-138.3915822475448,-96.77774156421953,-189.2438610822269,1],"interaction":{"uuid":"7622E97E-44E9-468E-B681-580B2768C591"},"geometry":"E38B01AE-CA81-4452-B730-E7809DED1D1D","material":"C09CE879-FAF2-4409-A825-17842C01E91B"}],"scaleLock":true,"hiddenMatrix":[0.7957276368491322,0,0,0,0,0.7967914438502673,0,0,0,0,1,0,76.48019661029379,-117.73714156368641,-72.65954583284673,1],"interaction":{"uuid":"FABC291E-0332-4402-8476-F57E65465C4F"},"enableHelper":false},{"uuid":"2954448E-2E73-4788-B77D-47BA20B1B4A2","objectType":"EmptyObject","name":"Empty Object copy 5","matrix":[0.49744144660076994,0.18668498181025137,-0.7754358289183175,0,-0.026069801539689942,0.917205949669159,0.20409216383579523,0,0.7971652103870399,-0.08649834367201474,0.490556483894142,0,-190.71598145561327,82.61589227763932,184.89830837188413,1],"layers":1,"userData":{"positionToCenter":{"x":0,"y":0,"z":0}},"children":[{"uuid":"223EA928-B235-4B3F-ADBE-7C4145CF62DD","objectType":"Mesh3D","name":"Helix","matrix":[0.4383166201670044,-0.413453751576837,-0.29297531601213966,0,-0.30691260156353833,0.09163092480442542,-0.5884797605873848,0,0.4032160655118721,0.5191914569082626,-0.12944896904417805,0,109.43283394146133,20.211627317242446,173.09364440133373,1],"castShadow":true,"receiveShadow":true,"layers":1,"userData":{"positionToCenter":{"x":0,"y":0,"z":0}},"scaleLock":true,"hiddenMatrix":[1,0,0,0,0,1,0,0,0,0,1,0,-138.3915822475448,-96.77774156421953,-189.2438610822269,1],"interaction":{"uuid":"5E170233-1077-4666-939D-B5BF5BEA13F7"},"geometry":"D473D868-7E39-430C-A95D-E7D1D47E7DB7","material":"F6E89793-5209-4D79-926E-718308A9497E"},{"uuid":"DE260F49-A35F-4352-A48B-7D89B4721F81","objectType":"Mesh3D","name":"Lathe","matrix":[0.5611093714313464,-0.6302425519538479,-0.8248336795976632,0,0.8013472303739978,-0.33301994792885947,0.7995876003624509,0,-0.6598476260954811,-0.9403680343291985,0.26964619475897816,0,221.37814687549516,74.41296623261476,261.3314654766074,1],"castShadow":true,"receiveShadow":true,"layers":1,"userData":{"positionToCenter":{"x":0,"y":0,"z":0}},"scaleLock":true,"hiddenMatrix":[1,0,0,0,0,1,0,0,0,0,1,0,-138.3915822475448,-96.77774156421953,-189.2438610822269,1],"interaction":{"uuid":"F3873BF2-6CB6-4445-A4E9-216521ABB7B1"},"geometry":"947B5310-9D1B-4388-AE89-302F66BB0314","material":"43167F0C-781E-4FD4-B16E-4D811BB536DB"}],"scaleLock":true,"hiddenMatrix":[0.7957276368491322,0,0,0,0,0.7967914438502673,0,0,0,0,1,0,247.88636254255198,-111.30061016059204,-270.76576491168237,1],"interaction":{"uuid":"6CC84908-2906-4C58-9294-F359B45BB9DB"},"enableHelper":false}],"scaleLock":true,"hiddenMatrix":[1,0,0,0,0,1,0,0,0,0,1,0,521.1130778902977,-52.16244398378825,-155.37958513261623,1],"interaction":{"uuid":"B67F842B-4530-4E25-8194-EE6ECA6517AE"},"enableHelper":false},{"uuid":"6F5FDDB6-87F7-43E3-B4F9-83CF6AD52799","objectType":"EmptyObject","name":"Empty Object","matrix":[-0.7858447976809236,2.1615460725304067e-16,-0.7075778340223216,0,9.623204623045245e-17,1.057390515656014,2.1614071466164678e-16,0,0.7084548553936868,9.635751599437378e-17,-0.7868188285917347,0,2.791161281782019,197.48224829567695,59.33606542504495,1],"layers":1,"userData":{"positionToCenter":{"x":0,"y":0,"z":0}},"children":[{"uuid":"230114AC-EE79-4363-86B4-52ECBEFD0E50","objectType":"EmptyObject","name":"Empty Object copy 5","matrix":[0.7547095802227715,-3.0464999430749935e-32,0.6560590289905075,0,1.6005492757578854e-32,0.9999999999999999,2.8024156208488065e-32,0,-0.6560590289905075,-1.0649551131153624e-32,0.7547095802227715,0,64.07502427533399,153.5290984565844,480.6974137401112,1],"layers":1,"userData":{"positionToCenter":{"x":0,"y":0,"z":0}},"children":[{"uuid":"9D0DDA45-E120-4148-B91F-3591590B1674","objectType":"Mesh3D","name":"Helix","matrix":[0.4383166201670044,-0.413453751576837,-0.29297531601213966,0,-0.30691260156353833,0.09163092480442542,-0.5884797605873848,0,0.4032160655118721,0.5191914569082626,-0.12944896904417805,0,109.43283394146133,20.211627317242446,173.09364440133373,1],"castShadow":true,"receiveShadow":true,"layers":1,"userData":{"positionToCenter":{"x":0,"y":0,"z":0}},"scaleLock":true,"hiddenMatrix":[1,0,0,0,0,1,0,0,0,0,1,0,-138.3915822475448,-96.77774156421953,-189.2438610822269,1],"interaction":{"uuid":"C9F0E981-5422-46DF-BB73-4E83742E3766"},"geometry":"8BB905DE-C2AE-4806-BACB-FE451FCD66D3","material":"9EA1B3F5-EB2B-4D5B-BFD1-86AE6AEE69C0"},{"uuid":"CF1B9420-C320-4603-BF96-235CB988F703","objectType":"Mesh3D","name":"Lathe","matrix":[0.556354207266674,-0.6249015133779678,-0.8178435636688695,0,0.7945561521504894,-0.33019774498030985,0.7928114342576843,0,-0.6542556970607736,-0.93239881369929,0.267361057515258,0,221.37814687549516,74.41296623261476,261.3314654766074,1],"castShadow":true,"receiveShadow":true,"layers":1,"userData":{"positionToCenter":{"x":0,"y":0,"z":0}},"scaleLock":true,"hiddenMatrix":[1,0,0,0,0,1,0,0,0,0,1,0,-138.3915822475448,-96.77774156421953,-189.2438610822269,1],"interaction":{"uuid":"8986391B-C840-417C-AC10-1C31CF62E52A"},"geometry":"2B56C88D-AC63-4F3B-90B0-42DEE31EAD94","material":"B2AA70CB-3591-46CE-8B00-7220BB810F33"}],"scaleLock":true,"hiddenMatrix":[0.7957276368491322,0,0,0,0,0.7967914438502673,0,0,0,0,1,0,-41.340708852372316,-161.14551476436642,-341.31188846501504,1],"interaction":{"uuid":"F5D184FB-F4F8-4E02-B036-D8A13490E2B9"},"enableHelper":false},{"uuid":"E307A1E9-DC24-48AD-BA48-E959AFF228A3","objectType":"EmptyObject","name":"Empty Object copy 5","matrix":[1,0,0,0,0,1,0,0,0,0,1,0,138.3915822475448,96.77774156421953,189.2438610822269,1],"layers":1,"userData":{"positionToCenter":{"x":0,"y":0,"z":0}},"children":[{"uuid":"BE55C791-11E5-422A-A1C0-0EEA5D0B8B6F","objectType":"Mesh3D","name":"Helix","matrix":[0.4383166201670044,-0.413453751576837,-0.29297531601213966,0,-0.30691260156353833,0.09163092480442542,-0.5884797605873848,0,0.4032160655118721,0.5191914569082626,-0.12944896904417805,0,109.43283394146133,20.211627317242446,173.09364440133373,1],"castShadow":true,"receiveShadow":true,"layers":1,"userData":{"positionToCenter":{"x":0,"y":0,"z":0}},"scaleLock":true,"hiddenMatrix":[1,0,0,0,0,1,0,0,0,0,1,0,-138.3915822475448,-96.77774156421953,-189.2438610822269,1],"interaction":{"uuid":"1382C08F-8B3F-4826-8F76-57AE16537B03"},"geometry":"DC8AE524-7ED2-4A98-B106-7DC59827EA91","material":"B59411A2-4EB8-45D2-8D70-0116DC46FDAA"},{"uuid":"1A05C831-5448-4491-B6A0-8ABB5C91D184","objectType":"Mesh3D","name":"Lathe","matrix":[0.47551641646724263,-0.5341038575880065,-0.6990115928793755,0,0.6791078223508455,-0.2822202948549659,0.6776166104766533,0,-0.5591929034707468,-0.796922062990846,0.22851372437201511,0,221.37814687549516,74.41296623261476,261.3314654766074,1],"castShadow":true,"receiveShadow":true,"layers":1,"userData":{"positionToCenter":{"x":0,"y":0,"z":0}},"hiddenMatrix":[1,0,0,0,0,1,0,0,0,0,1,0,-138.3915822475448,-96.77774156421953,-189.2438610822269,1],"interaction":{"uuid":"05F4B43D-F428-48C3-9C1C-A7B0C2729712"},"geometry":"656FAC5A-A573-498B-BA40-9160710072A0","material":"5E860BFD-3561-4CDC-87E6-686240F4759E"}],"scaleLock":true,"hiddenMatrix":[0.7957276368491322,0,0,0,0,0.7967914438502673,0,0,0,0,1,0,-19.64721494408336,-86.38883249957058,-113.89954834145851,1],"interaction":{"uuid":"5F3A1345-F064-498D-815A-0EC98EAFB583"},"enableHelper":false},{"uuid":"F5812F59-BE18-4714-B3C4-27549F4DEE90","objectType":"EmptyObject","name":"Empty Object copy 5","matrix":[-0.26003539418040195,0,0.850537449953524,0,0,0.8894000000000002,0,0,-0.850537449953524,0,-0.26003539418040195,0,-582.5612197955011,230.16922819648238,382.46198478289534,1],"layers":1,"userData":{"positionToCenter":{"x":0,"y":0,"z":0}},"children":[{"uuid":"6EFD8FCD-3160-416F-9DB7-006C694101B6","objectType":"Mesh3D","name":"Helix","matrix":[0.4383166201670044,-0.413453751576837,-0.29297531601213966,0,-0.30691260156353833,0.09163092480442542,-0.5884797605873848,0,0.4032160655118721,0.5191914569082626,-0.12944896904417805,0,109.43283394146133,20.211627317242446,173.09364440133373,1],"castShadow":true,"receiveShadow":true,"layers":1,"userData":{"positionToCenter":{"x":0,"y":0,"z":0}},"scaleLock":true,"hiddenMatrix":[1,0,0,0,0,1,0,0,0,0,1,0,-138.3915822475448,-96.77774156421953,-189.2438610822269,1],"interaction":{"uuid":"A169ED0A-7811-4B00-8F89-58C92955704E"},"geometry":"F729D027-B8E8-4ECC-A069-EC7BAF5FB860","material":"29538608-864F-4BEC-8CC4-7CD384405B7D"},{"uuid":"8C359056-AC50-400B-B810-1B615E047F45","objectType":"Mesh3D","name":"Lathe","matrix":[0.47551641646724263,-0.5341038575880065,-0.6990115928793755,0,0.6791078223508455,-0.2822202948549659,0.6776166104766533,0,-0.5591929034707468,-0.796922062990846,0.22851372437201511,0,221.37814687549516,74.41296623261476,261.3314654766074,1],"castShadow":true,"receiveShadow":true,"layers":1,"userData":{"positionToCenter":{"x":0,"y":0,"z":0}},"hiddenMatrix":[1,0,0,0,0,1,0,0,0,0,1,0,-138.3915822475448,-96.77774156421953,-189.2438610822269,1],"interaction":{"uuid":"A24DEAF5-8DC0-44F7-B60D-5DB9F8FFE4B2"},"geometry":"9DF4D8F2-9FD3-4256-99B8-C1A924E221ED","material":"934D7F89-48B0-4864-805D-FD6DCE763C6E"}],"scaleLock":true,"hiddenMatrix":[0.7957276368491322,0,0,0,0,0.7967914438502673,0,0,0,0,1,0,350.3476559940132,-145.86836059575455,-316.36153312435397,1],"interaction":{"uuid":"C7E8C32D-31F4-4622-863A-546CF25180B7"},"enableHelper":false},{"uuid":"04630589-95E7-43F0-AAE3-3CCC0D51FABB","objectType":"EmptyObject","name":"Empty Object copy 5","matrix":[-0.9335804264972006,6.422445522977123e-32,-0.3583679495453005,0,5.965549501859976e-32,0.9999999999999999,2.3805847476677882e-32,0,0.3583679495453005,8.460558114787595e-34,-0.9335804264972005,0,-207.74195438389796,118.07187010011518,-92.67184172907248,1],"layers":1,"userData":{"positionToCenter":{"x":0,"y":0,"z":0}},"children":[{"uuid":"3AB2FAD2-96E0-40C3-BE2F-33AED5125A07","objectType":"Mesh3D","name":"Helix","matrix":[0.4383166201670044,-0.413453751576837,-0.29297531601213966,0,-0.30691260156353833,0.09163092480442542,-0.5884797605873848,0,0.4032160655118721,0.5191914569082626,-0.12944896904417805,0,109.43283394146133,20.211627317242446,173.09364440133373,1],"castShadow":true,"receiveShadow":true,"layers":1,"userData":{"positionToCenter":{"x":0,"y":0,"z":0}},"scaleLock":true,"hiddenMatrix":[1,0,0,0,0,1,0,0,0,0,1,0,-138.3915822475448,-96.77774156421953,-189.2438610822269,1],"interaction":{"uuid":"5C323187-1D51-410E-8D87-426F802B8BA1"},"geometry":"181D09B9-7E54-4D7C-97EC-98C9CCC16253","material":"175B5411-2694-4D03-BD66-A00C7D206031"},{"uuid":"220972D6-1B12-436E-875F-BF7B5562743F","objectType":"Mesh3D","name":"Lathe","matrix":[0.47551641646724263,-0.5341038575880065,-0.6990115928793755,0,0.6791078223508455,-0.2822202948549659,0.6776166104766533,0,-0.5591929034707468,-0.796922062990846,0.22851372437201511,0,221.37814687549516,74.41296623261476,261.3314654766074,1],"castShadow":true,"receiveShadow":true,"layers":1,"userData":{"positionToCenter":{"x":0,"y":0,"z":0}},"hiddenMatrix":[1,0,0,0,0,1,0,0,0,0,1,0,-138.3915822475448,-96.77774156421953,-189.2438610822269,1],"interaction":{"uuid":"7000827C-4809-4EE7-8AAB-861EAE4408AE"},"geometry":"85AE8D4C-52BF-474C-A342-DF32BC801020","material":"1B440BCA-020F-4B27-B69C-FA967BCF500F"}],"scaleLock":true,"hiddenMatrix":[0.7957276368491322,0,0,0,0,0.7967914438502673,0,0,0,0,1,0,76.48019661029379,-117.73714156368641,-72.65954583284673,1],"interaction":{"uuid":"5C610495-FB7F-4F3E-8764-F2CF152E65FA"},"enableHelper":false},{"uuid":"CBF8B5D6-3D28-4566-B06A-06E832E31117","objectType":"EmptyObject","name":"Empty Object copy 5","matrix":[0.5361059871713982,0.10917593579607633,-0.7643762068262143,0,-0.13366623509371658,0.9296289434147221,0.03903031080453526,0,0.7604759747124504,0.08643287921085556,0.5457157220352641,0,-189.29108668801518,83.58949171866638,199.54931092252937,1],"layers":1,"userData":{"positionToCenter":{"x":0,"y":0,"z":0}},"children":[{"uuid":"3ECF11E8-C536-4F77-9B37-7412F99F9E98","objectType":"Mesh3D","name":"Helix","matrix":[0.4383166201670044,-0.413453751576837,-0.29297531601213966,0,-0.30691260156353833,0.09163092480442542,-0.5884797605873848,0,0.4032160655118721,0.5191914569082626,-0.12944896904417805,0,109.43283394146133,20.211627317242446,173.09364440133373,1],"castShadow":true,"receiveShadow":true,"layers":1,"userData":{"positionToCenter":{"x":0,"y":0,"z":0}},"scaleLock":true,"hiddenMatrix":[1,0,0,0,0,1,0,0,0,0,1,0,-138.3915822475448,-96.77774156421953,-189.2438610822269,1],"interaction":{"uuid":"307F8F12-E0C5-4C7A-BB4B-CCD62C4A60BA"},"geometry":"7E4C94D9-E47E-45F0-95B2-A0435270809A","material":"7C055531-73B8-4486-98B2-799BADA524CA"},{"uuid":"327A5F81-7A0E-455B-995C-97F7354613B7","objectType":"Mesh3D","name":"Lathe","matrix":[0.47551641646724263,-0.5341038575880065,-0.6990115928793755,0,0.6791078223508455,-0.2822202948549659,0.6776166104766533,0,-0.5591929034707468,-0.796922062990846,0.22851372437201511,0,221.37814687549516,74.41296623261476,261.3314654766074,1],"castShadow":true,"receiveShadow":true,"layers":1,"userData":{"positionToCenter":{"x":0,"y":0,"z":0}},"hiddenMatrix":[1,0,0,0,0,1,0,0,0,0,1,0,-138.3915822475448,-96.77774156421953,-189.2438610822269,1],"interaction":{"uuid":"5E5555EF-FEE4-4F27-AEBC-D89F55A62C92"},"geometry":"B168ED88-411A-4B55-8DAC-1CDAF198E1F6","material":"BCB99F2E-8ED5-4FB1-9EB4-D3D0403996C1"}],"scaleLock":true,"hiddenMatrix":[0.7957276368491322,0,0,0,0,0.7967914438502673,0,0,0,0,1,0,247.88636254255198,-111.30061016059204,-270.76576491168237,1],"interaction":{"uuid":"F354E647-ABC9-42D9-85BC-BEBD7E78CD5B"},"enableHelper":false}],"scaleLock":true,"hiddenMatrix":[1,0,0,0,0,1,0,0,0,0,1,0,-0.2506065845238936,-197.66128621241717,-64.63973701300091,1],"interaction":{"uuid":"597138DE-5D21-485A-8386-DC8678CAEBE0"},"enableHelper":false},{"uuid":"F4C6B664-FB3D-49DF-BE1C-52A4685A424F","objectType":"EmptyObject","name":"Empty Object copy 4","matrix":[0.7547095802227715,0,0.6560590289905075,0,0,1,0,0,-0.6560590289905075,0,0.7547095802227715,0,64.07502427533402,231.9352220699915,480.6974137401112,1],"layers":1,"userData":{"positionToCenter":{"x":0,"y":0,"z":0}},"children":[{"uuid":"A9F69644-ED7D-48BA-8FE9-8459C3525281","objectType":"Mesh3D","name":"Helix","matrix":[0.4383166201670044,-0.413453751576837,-0.29297531601213966,0,-0.30691260156353833,0.09163092480442542,-0.5884797605873848,0,0.4032160655118721,0.5191914569082626,-0.12944896904417805,0,109.43283394146133,20.211627317242446,173.09364440133373,1],"castShadow":true,"receiveShadow":true,"layers":1,"userData":{"positionToCenter":{"x":0,"y":0,"z":0}},"scaleLock":true,"hiddenMatrix":[1,0,0,0,0,1,0,0,0,0,1,0,-138.3915822475448,-96.77774156421953,-189.2438610822269,1],"interaction":{"uuid":"68874A6C-389A-4EF1-B408-4DE7F97DB8EB"},"geometry":"3C85B62E-3708-42D8-96FE-52BD6E79ABD2","material":"655E3881-BC32-449E-9414-F655BA746D96"},{"uuid":"5D0449E7-CA65-4A79-9185-1656DA0DD0C2","objectType":"Mesh3D","name":"Lathe","matrix":[0.47551641646724263,-0.5341038575880065,-0.6990115928793755,0,0.6791078223508455,-0.2822202948549659,0.6776166104766533,0,-0.5591929034707468,-0.796922062990846,0.22851372437201511,0,221.37814687549516,74.41296623261476,261.3314654766074,1],"castShadow":true,"receiveShadow":true,"layers":1,"userData":{"positionToCenter":{"x":0,"y":0,"z":0}},"hiddenMatrix":[1,0,0,0,0,1,0,0,0,0,1,0,-138.3915822475448,-96.77774156421953,-189.2438610822269,1],"interaction":{"uuid":"B99494C9-9A9E-4546-AB08-23D908878E1B"},"geometry":"CB302BB4-9566-4CF2-B539-19DD11884B26","material":"2D6FC032-0594-4262-AA89-AE8563A277D5"}],"scaleLock":true,"hiddenMatrix":[1,0,0,0,0,1,0,0,0,0,1,0,-27.51306788873265,-291.48343106823484,-292.0520771365574,1],"interaction":{"uuid":"5A01DEED-1F43-4B67-8B95-456C0070C20B"},"enableHelper":false},{"uuid":"83194123-D1C0-418A-B67A-9DB2B2D9C347","objectType":"EmptyObject","name":"Empty Object copy 3","matrix":[-0.26003539418040195,0,0.850537449953524,0,0,0.8894000000000002,0,0,-0.850537449953524,0,-0.26003539418040195,0,-582.5612197955011,183.54998776860685,382.46198478289534,1],"layers":1,"userData":{"positionToCenter":{"x":0,"y":0,"z":0}},"children":[{"uuid":"4760D770-11BC-4D5F-AAEA-047A5C850B8B","objectType":"Mesh3D","name":"Helix","matrix":[0.4383166201670044,-0.413453751576837,-0.29297531601213966,0,-0.30691260156353833,0.09163092480442542,-0.5884797605873848,0,0.4032160655118721,0.5191914569082626,-0.12944896904417805,0,109.43283394146133,20.211627317242446,173.09364440133373,1],"castShadow":true,"receiveShadow":true,"layers":1,"userData":{"positionToCenter":{"x":0,"y":0,"z":0}},"scaleLock":true,"hiddenMatrix":[1,0,0,0,0,1,0,0,0,0,1,0,-138.3915822475448,-96.77774156421953,-189.2438610822269,1],"interaction":{"uuid":"3ED39A6E-C157-4905-B6E9-7ED06024F1E5"},"g